4000
4000
4000
4000
4000
4000
4000
4000
4000
4000
4000
4000
4000
4000
4000
4000
4000
4000
4000
4000
4000
4000
4000
8000
8000
8000
8000
8000
8000
8000
8000
8000
8000
8000
8000
8000
8000
8000
8000
8000
8000
8000
8000
8000
8000
8000
8000
8000
8000
8000
8000
8000
8000
8000
8000
8000
8000
8000
8000
8000
8000
8000
8000
8000
8000
8000
8000
8000
8000
8000
8000
8000
8000
8000
8000
8000
8000
8000
8000
8000
8000
8000
8000
8000
8000
8000
8000
8000
8000
8000
8000
8000
8000
8000
8000
8000
8000
8000
8000
8000
8000
8000
8000
8000
8000
8000
8000
8000
4000
4000
4000
4000
4000
4000
4000
4000
4000
4000
4000
4000
4000
4000
4000
4000
4000
4000
4000
4000
8000
8000
5000
5000
5000
4700
4700
4700
4700
4700
4700
4700
4700
4700
4700
4700
4700
4700
4700
4700
4700
4700
4700
4700
4700
4700
4700
4700
4700
4700
4700
4700
4700
4700
4700
4700
4700
4700
4700
4700
4700
4700
4700
4700
4700
4700
4700
4700
4700
4700
4700
4700
4700
4700
4700
4700
4700
4700
4700
4700
4700
4700
4700
4700
4700
4700
4700
4700
4700
4700
4700
4700
4700
4700
4700
4700
4700
4700
4700
4700
4700
4700
4700
4700
4700
4700
4700
4700
4700
4700
4700
4700
4700
4700
4700
4700
4700
4700
4700
4700
4700
4700
4700
4700
4700
4700
4700
4700
4700
4700
4700
4700
4700
4700
4700
4700
4700
4700
4700
4700
4700
4700
4700
2700
6700
6700
6700
6700
6700
6700
6700
6700
6700
4700
8700
8700
8700
8700
8700
8700
8700
8700
8700
8700
8700
8700
8700
8700
8700
8700
8700
8700
8700
8700
8700
8700
8700
8700
8700
8700
8700
8700
8700
8700
8700
8700
8700
8700
8700
8700
8700
8700
8700
8700
8700
8700
8700
8700
8700
8700
8700
8700
8700
8700
8700
8700
8700
8700
8700
8700
8700
8700
8700
8700
8700
8700
8700
8700
8700
8700
8700
8700
8700
8700
8700
8700
8700
8700
8700
8700
8700
8700
8700
8700
8700
8700
8700
8700
8700
8700
8700
8700
8700
8700
8700
8700
8700
8700
8700
8700
8700
8700
8700
8700
8700
8700
8700
8700
8700
8700
8700
8700
8700
8700
8700
8700
12700
9700
9700
9700
