0
0
0
0
0
0
0
0
0
4000
4200
4200
4200
4200
4200
4200
4200
4200
4200
4200
4400
8400
8400
8400
8400
8400
8400
8400
12400
12400
12400
12400
12400
12400
12600
16600
16600
16600
16600
16600
16600
16600
20600
20600
20600
20600
20600
20600
20600
20600
20600
20800
20800
24800
24800
24800
24800
24800
24800
24800
25000
29000
29000
29000
29000
29200
29200
29200
29200
29400
29400
33400
33400
33400
33400
33400
33400
33400
33400
37400
37400
37400
37400
37600
37600
37600
37600
41800
41800
41800
42000
42000
42000
46000
46000
46000
46000
50000
50000
50000
50000
50000
50000
50000
50000
54000
54000
54000
54000
54000
54000
54000
54200
58200
58200
58200
58200
58200
58200
58200
62200
62200
62200
62200
62200
62200
62200
66200
66200
66200
66200
66200
66200
66200
70200
70400
70400
70400
70400
70600
70600
70600
70600
70600
70800
70800
74800
74800
74800
74800
74800
74800
74800
74800
74800
78800
78800
78800
78800
78800
78800
78800
78800
78800
79000
83000
83000
83000
83000
83000
83000
83000
83000
87000
87000
87000
87000
87000
87200
87200
87200
87200
91200
91200
91200
91200
91200
91200
91200
91200
91200
91200
95200
95200
95200
95200
95200
95200
95200
95200
99200
99200
99200
99200
99200
99200
99200
103200
103200
103200
103200
103200
103200
103200
107200
107200
107200
107200
107200
107200
107200
107200
107200
107400
111400
111600
111600
111600
111600
111800
111800
111800
111800
111800
111800
112000
116000
116000
116000
116000
116000
116000
116000
120000
120000
120000
120000
120000
120000
120000
120000
120000
124000
124000
124200
124200
124200
124200
124200
124200
124200
124200
124200
124200
124200
124200
128200
128200
128200
128200
128200
128200
128200
132200
132400
132400
132400
132400
132400
132600
136600
136600
136600
136600
136800
136800
136800
136800
136800
140800
140800
140800
140800
140800
140800
140800
144800
144800
144800
144800
144800
144800
144800
144800
144800
148800
148800
149000
149000
149000
149000
149000
149000
149000
149000
149000
149000
153000
153000
153000
153000
153000
153000
153000
157000
157000
157000
157000
157000
157000
157000
157000
161000
161000
161000
161000
161000
161000
161000
161000
165000
165000
165000
165000
165000
165000
165000
165000
169000
169000
169000
169000
169000
169000
169000
173000
173000
173000
173000
173200
173200
173200
173200
173200
177200
177200
177200
177200
177200
177200
177200
181200
181200
181200
181200
181200
181200
181200
185200
185200
185400
185400
185400
185400
185400
189400
189600
189600
189600
189600
189600
189800
189800
193800
193800
193800
193800
193800
193800
194000
198000
198000
198000
198000
198000
198200
198200
198200
198200
202200
202200
202200
202200
202200
202400
202400
202400
206400
206400
206400
206400
206400
206400
206400
206400
206600
210600
210600
210600
210600
210600
210600
210600
210600
210600
214600
214600
214600
214800
214800
214800
218800
218800
218800
218800
218800
218800
218800
218800
219000
223000
223000
223000
223000
223000
223200
223200
223200
223200
227200
227200
227200
227200
227200
227200
227200
227200
227200
231200
231400
231400
231400
231400
231400
231400
231400
231400
235400
235400
235400
235400
235400
235400
235400
239400
239400
239400
239600
239600
239600
239600
239600
239600
239600
239600
239600
243600
243600
243800
243800
243800
243800
243800
243800
247800
248000
248000
248000
248000
248000
248000
248000
248000
248000
248000
248000
248000
252000
252000
252000
252000
252000
252000
252000
252000
256200
256200
256200
256200
256200
256200
256200
256200
256200
256200
256200
256200
260200
260200
260200
260200
260200
260200
260200
260200
260200
260200
260200
264400
264400
264400
264400
264400
264400
264400
264400
268400
268400
268600
268600
268600
268600
268600
268600
268600
268600
268600
272600
272600
272600
272600
272600
272600
276600
276600
276600
276600
276600
276800
276800
276800
276800
276800
280800
281000
281000
281000
281000
281000
281000
281000
281000
281000
281000
281000
281000
281000
281000
281000
281200
281200
285200
285200
285200
285400
285400
285400
285400
289400
289600
289600
289600
289600
289600
289600
293600
293800
293800
293800
293800
293800
293800
293800
293800
293800
293800
297800
297800
297800
297800
297800
297800
297800
297800
298000
302000
302200
302200
302200
302200
302200
302200
306200
306200
306200
306200
306200
310200
310200
310200
310200
310200
310200
310200
310200
314200
314200
314200
314200
314200
314200
318200
318200
318200
318200
318200
318200
318200
318200
318200
322200
322400
322400
322400
322400
322400
322400
322600
322600
326600
326600
326600
326600
326600
326600
326600
330800
330800
330800
330800
330800
330800
330800
330800
331000
335000
335000
335000
335000
335000
335000
335000
339000
339000
339000
339000
339000
339000
339000
339000
339000
339000
339000
339000
339000
339000
343000
343000
343000
343000
343000
343000
347000
347000
347000
347000
347000
347000
347000
347000
347000
351000
351200
351200
351200
351200
351200
351200
355200
355200
355200
355200
355200
355200
355200
355200
355200
359200
359200
359200
359200
359200
359400
363400
363400
363400
363400
363400
363400
363400
363600
367600
367600
367600
367600
367600
367600
367800
367800
371800
371800
371800
371800
371800
371800
371800
371800
375800
375800
375800
375800
375800
375800
375800
375800
375800
379800
380000
380000
380000
380200
380200
380200
380200
384200
384200
384200
384200
384200
384200
384200
384200
384200
384400
388400
388400
388400
388400
388400
388600
388600
388600
388600
392600
392600
392600
392800
392800
392800
392800
396800
396800
396800
396800
396800
396800
397000
397000
397000
397000
401000
401000
401200
401200
401200
401200
401200
401200
405200
405200
405200
405200
405200
405200
405400
405400
405400
405400
409400
409400
409400
409400
409400
409600
413600
413600
413600
413600
413600
413600
417600
417600
417600
417600
417600
417600
417600
421600
421600
421600
421800
421800
421800
425800
425800
425800
425800
425800
425800
425800
426000
430000
430000
430000
430000
430000
430000
434000
434000
434000
434000
434000
434000
434200
434200
434200
434200
438200
438200
438200
438200
438200
438200
438200
438200
442200
442200
442200
442200
442200
442200
442200
442200
442200
442200
442200
442200
446200
446200
446200
446200
446200
446200
446200
446200
446200
446200
446200
446400
446400
446400
450400
450400
450400
450400
450400
450400
450400
450400
450400
450400
450400
454400
454400
454400
454400
454400
454400
454400
454600
458600
458600
458800
458800
458800
458800
458800
458800
462800
462800
462800
462800
462800
462800
462800
462800
462800
462800
462800
462800
462800
463000
467000
467000
467000
467000
467000
467000
467000
467000
467000
467000
467000
467000
467000
471000
471000
471000
471200
471200
471200
471200
471400
471400
475400
475400
475400
475400
475400
475400
475400
475400
479400
479400
479400
479400
479400
479400
479400
479400
479400
479400
479400
479400
479400
479400
479400
479400
479400
479400
479400
479400
479400
483400
483400
483400
483400
483400
483400
483400
483400
483400
483400
483400
483400
483400
483600
483600
487600
487600
487600
487600
487600
487600
487800
487800
487800
487800
491800
492000
492000
492000
492000
492000
492000
492000
492000
496000
496000
496000
496000
496000
496000
496000
496000
496000
500000
500000
500000
500000
500000
500000
500000
504000
504000
504200
504200
504200
504200
504200
504200
504400
504400
504400
504400
504600
504600
508600
508600
508600
508600
508600
508600
512600
512800
512800
512800
512800
512800
512800
516800
516800
516800
516800
516800
516800
516800
516800
520800
520800
520800
520800
520800
521000
525000
525200
525200
525400
525400
525400
529400
529400
529600
529600
529600
529600
529800
533800
533800
533800
533800
533800
533800
534000
534000
534000
534000
538000
538200
538200
538200
538200
538200
538400
542400
542400
542400
542400
542600
542600
542600
542600
546600
546600
546600
546600
546600
546600
546800
550800
550800
550800
550800
550800
550800
550800
554800
554800
555000
555000
555000
559000
559000
559000
559000
559000
559000
559000
559000
559000
559000
559000
559000
559000
563000
563000
563000
563000
563000
563000
563000
563000
563000
563000
563000
563200
563200
567200
567200
567200
567200
567200
567200
567200
567200
571200
571200
571200
571200
571200
575200
575200
575200
575200
575200
575200
575200
575200
579200
579400
579400
579400
579400
579400
579400
579400
579600
579600
579600
579600
579600
583800
583800
584000
584000
584000
584000
588000
588200
588200
588200
588200
588200
588200
588200
588200
588200
592200
592200
592200
592200
592200
592200
592200
592400
592400
596400
596400
596400
596600
596600
596600
600600
600600
600600
600600
600600
600600
600600
604600
604800
604800
604800
604800
604800
604800
604800
604800
608800
608800
608800
608800
608800
608800
608800
608800
612800
612800
612800
612800
612800
612800
612800
612800
612800
616800
616800
616800
616800
616800
616800
616800
616800
620800
620800
620800
620800
620800
620800
620800
620800
620800
624800
624800
624800
624800
624800
624800
624800
624800
624800
628800
628800
628800
628800
628800
629000
629000
629000
629000
633000
633000
633000
633000
633000
633000
633000
633000
637000
637000
637000
637000
637000
637000
637000
637000
637000
637000
641200
641200
641200
641400
641400
641400
641600
645600
645600
645600
645600
645600
645800
649800
649800
649800
650000
650000
650000
650000
650000
650000
654000
654000
654000
654000
654000
654000
654000
658000
658000
658000
658000
658000
658000
658200
658200
658200
658200
662200
662200
662200
662200
662200
666200
666200
666200
666200
666200
666200
666200
666200
666400
666400
666400
666400
670400
670400
670400
670400
670400
670400
670400
670400
670600
674600
674600
674600
674600
674600
674600
674600
674600
678600
678600
678600
678600
678600
678600
678600
682600
682600
682600
682600
682600
682600
682600
686600
686800
686800
686800
686800
686800
686800
686800
690800
690800
690800
691000
691000
691200
691200
695200
695200
695400
695400
695600
699600
699600
699600
699600
699600
699600
699600
699600
703600
703600
703600
703600
703600
703600
703600
703600
707600
707600
707600
707600
707600
707600
707600
711600
711600
711600
711800
711800
711800
711800
715800
715800
715800
715800
715800
715800
715800
716000
720000
720000
720000
720000
720000
720000
720200
724200
724200
724200
724200
724200
724200
724200
724200
728200
728200
728200
728200
728200
728200
728200
728200
728200
728200
732400
732400
732400
732400
732400
732400
732400
732400
732400
732400
732400
732400
732400
732400
736400
736400
736400
736400
736600
736600
736600
740600
740600
740600
740600
740600
740600
740600
740600
740600
740800
740800
741000
745000
745000
745000
745000
745000
745000
745000
745000
749000
749000
749000
749000
749000
749000
749000
749000
753000
753000
753000
753000
753000
753000
753000
753000
753000
753000
753200
753200
753200
753200
753200
757200
757400
757400
757400
757400
757400
757600
757600
757600
757600
761600
761600
761800
761800
761800
761800
761800
761800
761800
761800
761800
761800
761800
761800
762000
762000
766000
766000
766000
766000
766000
770000
770000
770000
770000
770000
770000
774000
774000
774000
774000
774000
774000
774000
774000
774000
778000
778000
778000
778000
778000
778000
778000
782000
782000
782000
782000
782200
782200
782200
782400
782400
786400
786400
786400
786400
786600
786600
786600
786600
786800
790800
790800
790800
790800
790800
790800
790800
795000
795000
795000
795000
795000
795000
795000
795000
795000
799000
799000
799000
799000
799000
799000
799000
799200
799200
799200
799200
803200
803200
803200
803200
803200
803400
807400
807400
807400
807400
807400
807400
807400
811400
811400
811600
811600
811600
811600
811600
811800
811800
815800
815800
815800
815800
815800
815800
815800
819800
819800
819800
819800
819800
819800
819800
823800
823800
823800
823800
824000
824000
824000
824000
828000
828000
828000
828000
828000
828000
828200
832200
832200
832200
832200
832200
832200
832200
832200
832200
832200
836200
836200
836200
836200
836200
836200
836200
836200
836200
836200
836200
840200
840200
840200
840200
840400
840400
840400
840400
840400
840600
840600
840600
840600
840600
844600
844600
844800
844800
844800
844800
844800
844800
844800
844800
844800
844800
844800
848800
848800
848800
848800
848800
848800
852800
853000
853000
853000
853000
853000
853000
853200
857200
857400
857400
857400
857400
857400
857400
857600
861600
861600
861600
861600
861600
861600
861600
865600
865600
865600
865600
865600
865600
865600
865600
865600
865800
869800
869800
869800
869800
869800
869800
869800
873800
873800
873800
873800
873800
873800
873800
873800
873800
877800
877800
877800
877800
878000
878000
878000
882000
882000
882000
882000
882000
882000
882000
882000
882000
882000
882000
886000
886000
886000
886000
886000
886200
886200
886200
886400
890400
890400
890400
890400
890400
890400
890400
890400
894400
894400
894400
894400
894400
894400
894400
894400
898400
898400
898400
898400
898600
898600
898600
898600
898600
902600
902600
902600
902600
902600
902600
902600
902600
902600
902600
902600
902600
902600
902600
902600
902600
902600
906600
906600
906600
906600
906800
906800
906800
906800
910800
910800
910800
910800
910800
910800
910800
910800
914800
914800
914800
914800
914800
918800
918800
918800
918800
918800
918800
922800
922800
922800
922800
922800
923000
923000
923000
927000
927000
927000
927000
927000
927200
931200
931200
931200
931200
931200
931200
931200
931200
931200
931400
935400
935400
935400
935400
935400
935400
935400
935400
935400
935400
935600
939600
939600
939600
939600
939600
939600
939600
943600
943600
943600
943600
943600
943600
943600
943600
947600
947800
947800
947800
947800
947800
947800
947800
947800
951800
951800
951800
951800
951800
951800
951800
951800
951800
951800
951800
951800
951800
951800
951800
956000
956000
956000
956200
956200
956200
960200
960200
960200
960200
960200
960200
960200
960200
960200
964400
964400
964400
964400
964400
964400
964400
968400
968400
968400
968400
968400
968600
968600
968600
968600
968800
968800
972800
972800
972800
972800
972800
972800
972800
976800
976800
976800
976800
976800
976800
976800
976800
980800
980800
980800
980800
980800
980800
980800
980800
980800
980800
984800
984800
984800
984800
984800
984800
984800
988800
989000
989000
989000
989000
989000
989000
989000
993000
993000
993000
993000
993000
993000
993000
997000
997000
997000
997000
997000
997000
997000
997000
1001000
1001000
1001000
1001000
1001000
1001000
1001000
1001000
1005000
1005000
1005000
1005000
1005000
1005000
1005000
1005000
1005000
1005000
1009000
1009000
1009000
1009000
1009000
1009000
1009000
1009000
1009000
1013000
1013000
1013000
1013000
1013000
1013000
1013000
1013200
1017200
1017200
1017200
1017200
1017200
1017200
1017200
1017200
1017200
1017200
1017200
1021400
1021400
1021400
1021400
1021400
1021400
1021400
1021400
1025400
1025400
1025400
1025400
1025400
1025400
1025400
1029400
1029600
1029600
1029600
1029600
1029600
1029600
1029600
1033600
1033600
1033600
1033600
1033600
1033600
1033600
1033600
1033600
1037600
1037600
1037600
1037600
1037600
1037600
1037600
1037600
1037600
1037600
1037800
1037800
1041800
1042000
1042000
1042000
1042000
1042000
1042000
1042200
1042200
1042400
1046400
1046400
1046400
1046400
1046400
1046400
1046400
1046400
1046400
1050400
1050400
1050400
1050400
1050400
1050400
1050400
1050400
1050400
1054400
1054400
1054600
1054600
1054600
1054600
1054600
1054600
1054600
1054600
1054600
1054600
1058600
1058600
1058600
1058600
1058600
1058600
1058600
1058600
1062600
1062600
1062600
1062600
1062600
1062600
1062600
1062600
1066600
1066600
1066600
1066600
1066600
1066600
1066600
1066600
1070600
1070600
1070600
1070600
1070600
1070800
1074800
1074800
1074800
1074800
1074800
1074800
1074800
1074800
1075000
1075000
1079000
1079000
1079000
1079000
1079000
1079000
1079000
1079000
1079000
1079000
1083000
1083000
1083000
1083000
1083000
1083000
1083000
1083000
1083000
1083200
1087200
1087200
1087200
1087200
1087200
1087200
1087200
1087200
1091200
1091200
1091200
1091200
1091200
1091200
1095200
1095200
1095200
1095200
1095200
1095200
1095200
1099200
1099200
1099200
1099200
1099200
1099200
1099200
1103200
1103200
1103200
1103200
1103200
1103200
1103200
1107200
1107200
1107200
1107200
1107200
1107200
1107200
1111200
1111200
1111200
1111200
1111200
1111200
1111200
1111200
1115200
1115200
1115400
1115400
1115400
1115600
1115600
1115600
1115600
1119600
1119800
1119800
1119800
1119800
1119800
1119800
1119800
1119800
1119800
1120000
1124000
1124000
1124000
1124000
1124000
1124000
1124000
1128000
1128000
1128000
1128000
1128000
1128000
1128000
1132000
1132000
1132200
1132200
1132200
1132200
1132200
1132200
1132200
1132200
1132200
1132400
1136400
1136400
1136400
1136400
1136400
1136400
1136400
1136400
1136400
1140400
1140400
1140400
1140400
1140400
1140400
1140400
1140400
1140400
1144400
1144400
1144400
1144600
1144600
1144600
1144600
1144600
1144600
1144600
1144600
1144600
1144600
1144600
1144600
1148600
1148600
1148600
1148600
1148600
1148600
1148600
1148600
1148600
1152600
1152800
1152800
1152800
1153000
1153000
1157000
1157000
1157000
1157000
1157000
1157000
1157000
1161000
1161000
1161000
1161000
1161000
1165000
1165000
1165000
1165000
1165000
1165000
1165000
1165000
1165000
1165200
1165200
1169200
1169200
1169200
1169200
1169200
1169200
1173200
1173400
1173400
1173400
1173400
1173400
1173400
1173400
1173400
1173400
1173400
1173400
1177400
1177600
1177600
1177800
1177800
1177800
1177800
1181800
1181800
1181800
1181800
1181800
1181800
1181800
1181800
1181800
1185800
1186000
1186000
1186000
1186000
1186000
1186000
1190000
1190000
1190000
1190000
1190000
1190000
1190000
1190000
1194000
1194000
1194000
1194000
1194000
1194000
1194000
1194000
1198000
1198000
1198000
1198000
1198000
1198000
1198000
1202000
1202000
1202000
1202200
1202200
1202200
1202200
1202200
1206200
1206200
1206200
1206200
1206200
1206200
1206200
1210200
1210200
1210200
1210200
1210200
1210200
1210200
1210400
1210400
1214400
1214600
1214600
1214600
1214600
1214600
1214600
1218600
1218600
1218600
1218600
1218600
1218600
1218600
1222600
1222800
1222800
1222800
1222800
1222800
1222800
1222800
1226800
1226800
1226800
1226800
1226800
1226800
1226800
1226800
1226800
1226800
1226800
1230800
1230800
1230800
1230800
1230800
1231000
1231000
1231000
1231200
1235200
1235200
1235200
1235200
1235400
1235400
1235400
1235400
1235400
1235400
1239400
1239400
1239400
1239600
1239600
1239600
1239600
1239600
1239600
1239600
1239600
1239600
1239600
1243600
1243600
1243600
1243600
1243600
1243800
1247800
1247800
1247800
1247800
1247800
1247800
1247800
1247800
1247800
1251800
1251800
1251800
1251800
1251800
1251800
1251800
1251800
1251800
1255800
1255800
1255800
1255800
1255800
1255800
1255800
1255800
1255800
1255800
1259800
1259800
1259800
1259800
1259800
1260000
1260000
1260000
1260000
1264000
1264000
1264000
1264000
1264000
1264000
1264200
1264200
1264200
1264200
1268200
1268200
1268200
1268200
1268200
1268200
1268200
1272200
1272200
1272200
1272200
1272200
1272200
1272200
1272200
1272200
1272200
1272400
1272400
1272400
1272400
1276400
1276400
1276400
1276400
1276400
1276400
1276400
1280400
1280600
1280600
1280600
1280600
1280600
1280600
1280600
1280600
1280800
1284800
1284800
1284800
1284800
1284800
1284800
1284800
1284800
1284800
1284800
1284800
1288800
1288800
1288800
1288800
1288800
1288800
1288800
1292800
1292800
1292800
1292800
1292800
1292800
1292800
1296800
1296800
1296800
1296800
1296800
1296800
1296800
1296800
1296800
1300800
1300800
1300800
1300800
1300800
1300800
1300800
1300800
1300800
1300800
1300800
1300800
1300800
1300800
1304800
1304800
1304800
1304800
1304800
1304800
1304800
1304800
1305000
1309000
1309000
1309000
1309000
1309200
1309200
1309200
1309200
1313200
1313200
1313200
1313200
1313200
1317200
1317200
1317200
1317200
1317200
1317400
1317400
1317400
1317400
1317400
1321400
1321400
1321400
1321400
1321400
1325400
1325400
1325400
1325400
1325400
1325400
1325400
1325400
1329400
1329400
1329400
1329400
1329400
1329400
1329400
1333600
1333600
1333600
1333600
1333600
1333600
1333600
1337600
1337600
1337600
1337600
1337800
1337800
1337800
1341800
1341800
1341800
1341800
1341800
1342000
1342000
1342000
1342000
1342200
1342200
1346200
1346200
1346200
1346200
1346400
1346400
1346400
1350400
1350400
1350400
1350400
1350400
1350400
1354400
1354400
1354600
1354600
1354600
1354600
1354600
1354600
1354600
1358600
1358600
1358600
1358600
1358600
1358600
1358600
1358600
1362600
1362600
1362600
1362600
1362600
1362600
1362600
1362800
1366800
1366800
1366800
1366800
1366800
1367000
1367000
1367000
1367000
1367000
1367000
1371000
1371000
1371200
1371200
1371200
1371200
1371200
1371200
1375200
1375200
1375200
1375200
1375200
1375200
1375200
1375200
1375200
1375200
1379200
1379200
1379200
1379200
1379200
1379200
1383200
1383200
1383200
1383200
1383200
1383200
1383200
1383200
1383200
1383200
1383200
1383200
1387200
1387200
1387200
1387200
1387200
1387200
1387200
1387200
1387200
1391200
1391400
1391400
1391400
1391400
1391400
1391400
1395400
1395600
1395600
1395600
1395600
1395600
1395600
1395600
1395600
1395600
1395800
1395800
1395800
1395800
1399800
1399800
1399800
1399800
1399800
1399800
1400000
1404000
1404000
1404000
1404000
1404000
1404000
1404000
1404000
1404000
1408000
1408000
1408000
1408000
1408000
1408000
1408000
1408000
1412000
1412000
1412000
1412000
1412000
1412000
1412000
1416000
1416000
1416000
1416000
1416000
1416000
1416000
1420000
1420000
1420000
1420000
1420000
1420200
1420200
1420200
1424200
1424200
1424200
1424200
1424200
1424200
1424200
1424200
1424200
1424200
1428200
1428400
1428400
1428400
1428400
1428400
1428400
1428400
1428400
1428400
1432400
1432400
1432400
1432400
1432400
1432400
1432400
1432400
1436400
1436400
1436400
1436400
1436400
1436400
1440400
1440400
1440400
1440400
1440400
1440400
1440400
1440400
1444400
1444400
1444400
1444400
1444400
1444400
1444400
1444400
1444400
1448400
1448400
1448400
1448400
1448400
1448400
1448400
1448400
1452400
1452600
1452600
1452600
1452600
1452600
1456600
1456800
1456800
1456800
1456800
1456800
1456800
1457000
1461000
1461000
1461000
1461000
1461000
1461000
1461000
1461000
1461000
1465000
1465000
1465000
1465200
1465200
1465400
1465400
1465400
1465400
1465400
1469400
1469400
1469400
1469400
1469400
1469400
1469400
1469400
1469400
1469400
1469400
1473400
1473400
1473400
1473400
1473400
1473400
1473400
1477600
1477600
1477600
1477600
1477600
1477800
1477800
1477800
1477800
1481800
1481800
1481800
1481800
1481800
1481800
1481800
1481800
1481800
1481800
1485800
1485800
1485800
1485800
1485800
1485800
1489800
1489800
1489800
1489800
1489800
1489800
1489800
1490000
1494000
1494000
1494000
1494000
1494000
1494000
1494000
1498000
1498000
1498000
1498000
1498000
1498000
1498000
1502000
1502000
1502000
1502000
1502000
1502000
1502000
1502000
1502000
1502000
1502000
1502000
1502000
1502000
1502000
1502000
1502000
1502000
1506000
1506200
1506200
1506200
1506200
1506200
1506400
1506400
1510400
1510400
1510400
1510400
1510400
1510400
1510400
1510400
1510600
1514600
1514600
1514600
1514600
1514600
1514600
1514600
1514600
1514600
1518600
1518600
1518600
1518600
1518600
1518600
1518600
1522600
1522600
1522600
1522600
1522600
1522600
1522600
1522600
1522600
1526600
1526600
1526600
1526600
1526600
1526600
1526600
1530600
1530600
1530600
1530600
1530600
1530600
1530600
1530600
1530600
1530600
1534600
1534600
1534600
1534600
1534600
1534600
1534600
1534600
1538600
1538600
1538600
1538600
1538600
1538600
1538600
1542600
1542800
1542800
1542800
1542800
1542800
1542800
1542800
1543000
1543000
1547000
1547000
1547000
1547000
1547000
1547000
1547000
1547000
1551000
1551200
1551200
1551200
1551200
1551200
1551200
1551400
1551400
1551400
1551400
1555400
1555400
1555400
1555400
1555400
1555400
1555400
1555400
1555400
1559400
1559400
1559600
1559600
1559600
1559800
1559800
1559800
1563800
1563800
1563800
1563800
1563800
1563800
1563800
1567800
1567800
1567800
1567800
1567800
1567800
1567800
1571800
1571800
1571800
1571800
1571800
1571800
1571800
1571800
1571800
1571800
1571800
1571800
1571800
1575800
1576000
1576000
1576000
1576000
1576000
1576000
1576000
1576000
1576000
1576000
1576000
1576000
1576000
1580000
1580000
1580000
1580000
1580000
1580000
1580000
1580000
1580000
1580000
1580000
1584000
1584000
1584000
1584000
1584200
1584200
1584200
1584200
1584200
1588200
1588200
1588200
1588200
1588200
1588200
1588200
1588200
1592200
1592200
1592200
1592200
1592200
1592200
1592200
1596200
1596200
1596200
1596200
1596200
1596200
1596200
1596200
1596200
1596200
1600200
1600200
1600200
1600200
1600200
1600400
1600400
1600400
1600400
1604600
1604600
1604600
1604600
1604600
1604600
1608600
1608800
1608800
1608800
1608800
1608800
1608800
1608800
1608800
1609000
1609000
1613000
1613000
1613200
1613200
1613200
1613200
1617200
1617200
1617200
1617400
1617400
1617400
1617400
1621400
1621400
1621400
1621400
1621400
1621400
1621400
1621400
1621400
1625400
1625400
1625400
1625400
1625400
1625400
1625400
1625400
1625400
1629400
1629600
1629600
1629600
1629600
1629600
1629600
1629600
1629600
1633600
1633600
1633600
1633600
1633600
1633600
1633600
1633600
1633600
1637600
1637600
1637600
1637600
1637600
1637600
1637600
1637600
1637600
1637600
1637600
1637600
1641600
1641600
1641600
1641600
1641600
1645600
1645600
1645600
1645600
1645800
1645800
1645800
1645800
1649800
1649800
1649800
1649800
1649800
1649800
1649800
1653800
1653800
1653800
1653800
1653800
1653800
1653800
1653800
1657800
1657800
1657800
1657800
1657800
1657800
1657800
1657800
1657800
1657800
1661800
1661800
1661800
1661800
1661800
1661800
1661800
1661800
1661800
1665800
1665800
1665800
1665800
1665800
1665800
1669800
1669800
1669800
1669800
1669800
1669800
1670000
1670000
1674000
1674000
1674000
1674000
1674000
1674000
1678000
1678000
1678000
1678000
1678000
1678000
1678000
1678000
1678000
1678000
1678000
1678000
1678000
1678000
1682000
1682000
1682000
1682000
1682000
1682000
1682200
1686200
1686200
1686400
1686400
1686400
1686400
1686400
1686400
1690400
1690400
1690400
1690400
1690400
1690400
1690400
1690400
1694400
1694400
1694400
1694400
1694400
1694400
1694400
1694400
1694400
1698400
1698400
1698400
1698400
1698400
1698400
1698400
1702400
1702400
1702400
1702400
1702400
1702400
1702400
1706400
1706400
1706400
1706400
1706400
1706400
1706400
1706400
1706400
1706400
1706400
1706400
1706400
1706400
1706600
1710600
1710600
1710600
1710600
1710600
1710600
1710600
1714600
1714600
1714600
1714600
1714600
1714600
1714600
1714600
1718600
1718600
1718600
1718600
1718800
1718800
1718800
1722800
1722800
1722800
1722800
1722800
1722800
1722800
1726800
1726800
1727000
1727000
1727000
1727000
1727200
1727200
1727200
1727200
1727400
1731400
1731400
1731400
1731400
1731400
1731400
1731400
1735400
1735400
1735400
1735400
1735400
1735400
1735400
1735400
1735400
1735400
1739400
1739400
1739400
1739400
1739400
1739400
1739400
1739400
1739400
1739400
1739400
1739400
1739400
1739400
1739400
1743400
1743400
1743400
1743400
1743400
1743400
1743400
1743400
1743400
1743400
1743400
1747400
1747400
1747400
1747600
1747600
1747600
1747600
1747600
1747600
1747600
1747600
1747600
1747600
1747600
1747600
1747600
1751600
1751600
1751600
1751600
1751600
1751600
1751600
1751600
1755600
1755600
1755600
1755600
1755600
1755600
1755600
1759600
1759600
1759600
1759600
1759600
1759600
1763600
1763600
1763600
1763800
1763800
1763800
1763800
1763800
1763800
1763800
1767800
1767800
1767800
1767800
1767800
1767800
1767800
1768000
1768000
1772000
1772200
1772200
1772200
1772200
1772200
1772200
1772400
1776400
1776400
1776400
1776400
1776400
1776600
1780600
1780600
1780600
1780600
1780600
1780600
1780600
1780800
1780800
1780800
1784800
1784800
1784800
1784800
1784800
1784800
1784800
1784800
1784800
1785000
1785000
1789000
1789000
1789000
1789000
1789000
1789000
1789000
1789000
1793000
1793000
1793200
1793200
1793200
1793200
1793200
1797200
1797400
1797400
1797400
1797600
1797600
1797600
1801600
1801600
1801600
1801600
1801600
1801600
1801600
1801600
1801800
1805800
1805800
1805800
1805800
1805800
1805800
1805800
1805800
1809800
1809800
1809800
1809800
1809800
1813800
1813800
1813800
1813800
1813800
1813800
1813800
1817800
1817800
1817800
1817800
1817800
1817800
1817800
1821800
1821800
1821800
1821800
1821800
1821800
1821800
1821800
1821800
1821800
1825800
1825800
1825800
1825800
1825800
1825800
1825800
1825800
1825800
1825800
1825800
1829800
1829800
1829800
1829800
1829800
1829800
1829800
1829800
1829800
1829800
1833800
1833800
1833800
1833800
1833800
1833800
1833800
1834000
1838000
1838000
1838000
1838000
1838000
1838000
1838000
1838000
1838200
1842200
1842200
1842200
1842200
1842200
1842200
1842200
1842400
1846400
1846400
1846400
1846600
1846600
1846600
1846600
1846800
1846800
1846800
1846800
1846800
1850800
1850800
1850800
1850800
1850800
1851000
1851000
1851000
1851000
1851000
1855000
1855000
1855000
1855000
1855000
1855000
1855000
1855000
1859000
1859000
1859000
1859000
1859000
1859000
1859000
1859000
1859200
1863200
1863200
1863200
1863200
1863400
1863400
1863400
1863400
1863400
1867400
1867400
1867400
1867400
1867400
1867400
1867400
1867400
1871400
1871400
1871400
1871600
1871600
1871600
1871600
1871600
1875600
1875600
1875600
1875600
1875800
1875800
1875800
1879800
1879800
1879800
1879800
1879800
1879800
1879800
1879800
1879800
1883800
1884000
1884000
1884000
1884000
1884000
1884000
1884000
1888000
1888000
1888000
1888000
1888000
1888000
1888000
1888000
1892000
1892200
1892200
1892200
1892200
1892400
1892400
1892400
1892400
1892400
1896400
1896400
1896400
1896400
1896400
1896400
1896400
1900400
1900400
1900400
1900400
1900400
1900400
1900400
1904400
1904400
1904400
1904400
1904600
1904600
1904600
1904600
1904600
1904600
1904600
1904600
1904600
1904600
1904600
1904600
1904600
1904800
1908800
1908800
1908800
1908800
1908800
1908800
1908800
1912800
1912800
1912800
1912800
1912800
1912800
1912800
1913000
1913000
1917000
1917000
1917000
1917000
1917000
1917000
1921000
1921000
1921000
1921000
1921000
1921200
1921200
1921200
1921200
1925200
1925200
1925200
1925200
1925200
1925200
1925200
1925200
1925200
1925200
1929200
1929200
1929200
1929200
1929200
1929200
1929200
1929200
1929400
1933400
1933400
1933400
1933400
1933400
1933400
1933400
1937400
1937400
1937400
1937400
1937400
1937400
1937400
1937400
1937400
1941400
1941400
1941400
1941400
1941400
1941400
1941400
1945400
1945400
1945400
1945400
1945400
1945400
1949400
1949600
1949600
1949600
1949600
1949600
1949800
1953800
1953800
1953800
1953800
1953800
1953800
1953800
1953800
1953800
1953800
1953800
1953800
1953800
1953800
1953800
1953800
1953800
1953800
1953800
1953800
1953800
1953800
1953800
1953800
1957800
1958000
1958000
1958200
1958200
1958200
1958200
1958400
1962400
1962600
1962600
1962600
1962600
1962600
1962600
1962600
1966600
1966600
1966600
1966600
1966600
1966600
1966600
1966800
1966800
1966800
1966800
1970800
1970800
1970800
1970800
1970800
1970800
1970800
1970800
1974800
1974800
1974800
1974800
1974800
1975000
1975000
1975000
1975000
1975200
1979200
1979200
1979200
1979200
1979200
1979200
1983200
1983400
1983400
1983400
1983400
1983400
1983400
1983400
1983400
1983400
1983400
1983400
1983400
1983400
1983400
1983400
1987400
1987600
1987600
1987600
1987600
1987600
1987600
1987600
1987600
1987600
1991600
1991600
1991600
1991600
1991600
1991600
1991600
1991600
1995600
1995600
1995600
1995600
1995600
1995600
1995600
1995600
1999600
1999800
1999800
1999800
2000000
2000000
2000000
2000000
2000000
2004000
2004000
2004200
2004200
2004200
2004200
2004200
2008200
2008200
2008200
2008400
2008400
2008600
2012600
2012600
2012600
2012600
2012600
2012600
2012600
2012600
2012600
2012600
2012800
2016800
2017000
2017000
2017000
2017000
2017000
2017000
2017000
2021000
2021000
2021000
2021000
2021000
2021000
2021000
2025000
2025000
2025000
2025000
2025000
2025000
2025000
2025000
2025000
2025000
2025000
2025000
2025000
2025000
2025200
2029200
2029200
2029200
2029200
2029200
2029200
2029200
2029200
2029200
2033200
2033400
2033400
2033400
2033400
2033400
2033400
2033400
2037400
2037600
2037600
2037600
2037600
2037600
2037800
2041800
2041800
2041800
2041800
2041800
2042000
2042000
2042000
2046000
2046000
2046000
2046000
2046000
2046000
2046000
2046000
2046200
2050200
2050200
2050200
2050200
2050200
2050200
2050200
2054200
2054200
2054400
2054400
2054400
2054400
2054400
2054400
2054400
2054400
2054600
2058600
2058600
2058600
2058800
2058800
2058800
2058800
2062800
2062800
2062800
2062800
2062800
2062800
2062800
2062800
2066800
2066800
2066800
2066800
2066800
2066800
2070800
2070800
2070800
2070800
2070800
2070800
2070800
2070800
2070800
2070800
2070800
2071000
2071000
2075000
2075000
2075000
2075000
2075000
2075200
2075200
2079400
2079400
2079400
2079400
2079400
2079400
2079400
2079400
2079400
2079600
2079600
2079600
2079600
2079600
2079600
2079600
2079600
2079600
2079600
2083600
2083600
2083600
2083600
2083600
2083600
2083600
2087600
2087600
2087600
2087600
2087600
2091600
2091600
2091600
2091600
2091600
2091600
2091600
2091600
2091800
2091800
2095800
2095800
2095800
2095800
2095800
2095800
2095800
2095800
2095800
2095800
2095800
2095800
2099800
2100000
2100000
2100000
2100000
2100000
2100000
2100000
2104000
2104000
2104000
2104000
2104000
2104000
2104000
2104000
2108000
2108000
2108000
2108000
2108000
2108000
2108000
2108000
2108000
2108000
2108200
2108200
2108200
2108200
2112200
2112200
2112200
2112200
2112200
2112200
2112200
2112200
2112200
2116200
2116200
2116200
2116200
2116200
2116200
2116200
2116200
2120200
2120200
2120200
2120200
2120200
2120200
2120200
2120200
2120200
2120200
2120200
2124200
2124200
2124200
2124200
2124400
2124400
2128400
2128400
2128400
2128400
2128400
2128400
2128400
2128600
2128600
2132600
2132600
2132600
2132600
2132600
2132600
2132600
2136600
2136800
2136800
2136800
2136800
2136800
2136800
2136800
2136800
2136800
2136800
2136800
2136800
2136800
2137000
2137000
2137000
2137000
2141000
2141200
2141200
2141200
2141200
2141200
2141400
2141400
2145400
2145400
2145400
2145400
2145400
2145400
2145400
2145400
2149400
2149400
2149400
2149400
2149400
2149400
2149400
2149400
2149400
2153400
2153400
2153400
2153400
2153400
2153400
2153400
2153600
2153600
2157600
2157600
2157600
2157600
2157800
2157800
2157800
2157800
2157800
2161800
2161800
2161800
2161800
2161800
2162000
2162000
2162000
2166000
2166000
2166000
2166000
2166000
2166000
2166000
2166000
2170000
2170000
2170000
2170000
2170000
2170000
2170000
2170000
2170000
2174000
2174200
2174200
2174200
2174200
2174200
2174200
2178200
2178200
2178200
2178200
2178400
2178400
2178400
2178400
2178400
2182400
2182400
2182400
2182400
2182400
2182400
2182400
2182600
2182600
2182600
2186600
2186600
2186600
2186600
2186600
2186600
2186600
2190600
2190600
2190600
2190600
2190600
2190600
2190600
2190600
2190800
2194800
2194800
2194800
2194800
2194800
2195000
2195000
2195000
2195000
2199000
2199000
2199000
2199000
2199000
2199000
2199000
2199000
2199000
2199000
2203000
2203000
2203000
2203200
2203200
2203200
2203200
2207200
2207200
2207200
2207200
2207200
2207200
2207200
2207200
2211200
2211200
2211200
2211200
2211200
2211200
2211200
2211200
2215200
2215200
2215200
2215200
2215200
2215200
2215200
2215200
2219200
2219200
2219200
2219400
2219400
2219400
2219400
2219400
2219400
2219400
2219400
2219400
2219600
2219600
2223600
2223600
2223600
2223600
2223600
2223800
2223800
2227800
2227800
2227800
2227800
2227800
2227800
2227800
2231800
2232000
2232000
2232000
2232000
2232000
2232000
2232200
2232200
2236200
2236200
2236200
2236200
2236200
2236200
2236200
2236200
2236200
2240200
2240400
2240400
2240400
2240400
2240400
2240400
2240400
2240400
2244400
2244400
2244400
2244600
2244600
2244600
2244600
2248600
2248600
2248600
2248600
2248600
2248600
2248600
2248600
2252600
2252600
2252600
2252600
2252600
2252600
2252600
2256600
2256600
2256600
2256600
2256600
2256600
2256600
2256600
2256600
2256600
2260600
2260600
2260800
2260800
2260800
2261000
2265000
2265000
2265000
2265200
2265200
2265200
2265200
2265200
2265200
2265200
2265200
2269200
2269200
2269200
2269200
2269200
2269200
2269200
2269200
2269200
2273200
2273200
2273200
2273200
2273200
2273200
2273200
2273200
2273200
2277200
2277200
2277200
2277200
2277200
2277200
2277200
2281200
2281200
2281200
2281200
2281200
2281200
2281200
2281200
2281200
2281200
2281400
2285400
2285400
2285400
2285400
2285400
2285400
2285400
2285600
2289600
2289600
2289600
2289600
2289600
2289600
2289600
2289600
2293600
2293600
2293600
2293600
2293600
2293600
2297600
2297800
2297800
2297800
2297800
2297800
2297800
2297800
2301800
2301800
2301800
2301800
2301800
2301800
2302000
2302000
2306000
2306000
2306000
2306000
2306000
2306200
2306200
2310200
2310200
2310200
2310200
2310200
2310200
2310200
2314200
2314200
2314200
2314200
2314200
2314200
2314200
2314200
2314200
2318200
2318200
2318200
2318200
2318200
2318200
2318200
2318200
2318200
2322200
2322200
2322200
2322200
2322200
2322200
2322200
2322200
2322200
2322200
2322200
2322200
2326200
2326200
2326200
2326200
2326200
2326200
2326200
2326200
2330200
2330200
2330200
2330200
2330200
2330200
2330200
2330200
2334200
2334200
2334200
2334200
2334200
2334200
2334200
2334200
2338200
2338400
2338400
2338400
2338400
2338600
2342600
2342600
2342600
2342600
2342600
2346600
2346800
2346800
2346800
2346800
2346800
2346800
2346800
2346800
2346800
2346800
2350800
2350800
2351000
2351000
2351000
2351000
2351000
2351000
2351000
2355000
2355200
2355200
2355200
2355200
2355200
2355200
2355400
2359400
2359400
2359400
2359400
2359400
2359400
2359400
2359400
2359400
2363400
2363400
2363400
2363400
2363400
2363400
2363400
2363400
2363600
2367600
2367600
2367600
2367600
2367600
2367600
2367600
2367600
2371600
2371600
2371600
2371600
2371600
2371600
2371600
2371800
2375800
2375800
2375800
2375800
2375800
2375800
2375800
2375800
2375800
2379800
2379800
2379800
2379800
2379800
2379800
2379800
2379800
2379800
2383800
2383800
2383800
2384000
2384000
2384000
2384000
2384000
2384200
2388200
2388200
2388200
2388200
2388200
2388200
2388200
2388200
2388200
2392200
2392200
2392200
2392200
2392200
2392200
2392200
2392200
2392200
2396200
2396200
2396200
2396200
2396200
2396200
2396200
2396200
2396200
2396200
2396400
2396400
2396400
2396400
2400400
2400600
2400600
2400600
2400600
2400600
2400600
2404600
2404600
2404600
2404600
2404600
2404600
2404600
2404600
2404600
2404600
2404600
2404600
2404600
2408600
2408600
2408600
2408600
2408800
2408800
2408800
2408800
2412800
2412800
2412800
2412800
2412800
2412800
2412800
2412800
2412800
2416800
2416800
2416800
2416800
2416800
2416800
2416800
2416800
2416800
2416800
2420800
2421000
2421000
2421000
2421000
2421000
2421000
2421000
2421000
2425000
2425000
2425000
2425000
2425000
2425000
2425000
2425000
2429000
2429000
2429000
2429000
2429000
2429000
2429000
2429000
2429000
2433000
2433000
2433000
2433000
2433000
2433000
2433000
2433000
2437000
2437000
2437000
2437000
2437000
2437200
2441200
2441400
2441400
2441400
2441400
2441600
2441600
2441600
2441600
2445800
2445800
2445800
2445800
2445800
2446000
2450000
2450000
2450000
2450000
2450000
2450000
2450000
2450000
2454000
2454000
2454000
2454000
2454000
2454000
2454000
2454000
2458000
2458000
2458000
2458000
2458000
2458000
2458000
2458000
2462000
2462000
2462000
2462000
2462000
2462000
2462000
2462000
2466000
2466000
2466000
2466000
2466000
2466000
2466000
2466000
2466000
2470000
2470000
2470000
2470000
2470000
2470000
2470000
2470000
2470000
2474200
2474200
2474200
2474200
2474200
2474200
2474200
2474200
2474200
2474200
2474200
2474200
2474200
2474200
2474200
2478200
2478200
2478200
2478200
2478200
2478200
2478200
2478200
2478200
2478200
2482200
2482200
2482200
2482200
2482200
2482200
2482200
2482200
2482200
2486200
2486200
2486200
2486200
2486200
2486200
2486400
2490400
2490400
2490400
2490400
2490400
2490400
2490600
2490600
2490600
2490800
2494800
2494800
2494800
2494800
2494800
2494800
2494800
2494800
2494800
2494800
2494800
2494800
2498800
2498800
2498800
2498800
2498800
2498800
2498800
2498800
2498800
2498800
2499000
2503000
2503000
2503000
2503000
2503000
2503000
2503000
2503000
2503000
2507000
2507000
2507000
2507000
2507000
2507000
2507000
2511000
2511000
2511000
2511000
2511000
2511000
2511000
2511000
2511000
2511000
2511000
2515000
2515000
2515000
2515000
2515000
2515000
2515000
2515200
2519200
2519200
2519200
2519200
2519200
2519200
2519200
2519200
2523200
2523200
2523200
2523200
2523200
2523200
2523200
2523200
2527200
2527200
2527200
2527200
2527200
2527200
2527200
2527200
2527200
2527200
2531200
2531200
2531200
2531200
2531200
2531200
2531200
2531200
2535400
2535400
2535400
2535400
2535400
2535400
2535400
2535400
2539400
2539600
2539600
2539600
2539600
2539600
2539600
2539600
2543600
2543600
2543600
2543800
2543800
2543800
2544000
2548000
2548000
2548000
2548000
2548000
2548000
2548000
2552000
2552000
2552000
2552000
2552000
2552000
2552000
2552000
2556000
2556000
2556000
2556200
2556200
2556200
2556200
2556400
2560400
2560400
2560400
2560400
2560400
2560400
2560400
2560400
2560400
2560400
2560400
2560400
2560400
2560400
2560400
2560400
2560600
2564600
2564600
2564600
2564600
2564600
2564600
2564600
2564600
2564600
2568600
2568600
2568600
2568600
2568600
2568600
2568600
2568600
2572600
2572600
2572600
2572600
2572600
2572600
2572800
2576800
2576800
2576800
2576800
2577000
2577000
2577000
2581000
2581000
2581000
2581000
2581000
2581000
2581000
2581000
2581000
2581000
2581000
2585000
2585000
2585000
2585000
2585000
2585200
2589200
2589200
2589200
2589200
2589200
2589200
2589200
2593200
2593200
2593200
2593200
2593200
2593200
2593200
2593400
2597400
2597400
2597400
2597400
2597400
2597400
2597400
2597400
2597400
2601400
2601600
2601600
2601600
2601600
2601600
2601800
2601800
2605800
2605800
2605800
2606000
2606000
2606200
2610200
2610200
2610200
2610200
2610400
2610400
2610400
2610600
2614600
2614600
2614600
2614600
2614600
2614600
2618600
2618600
2618600
2618600
2618600
2618600
2618600
2618600
2618600
2622600
2622600
2622600
2622600
2622600
2622600
2622600
2622600
2622600
2626600
2626600
2626600
2626600
2626800
2626800
2626800
2630800
2630800
2630800
2630800
2630800
2630800
2630800
2630800
2630800
2630800
2635000
2635000
2635000
2635000
2635000
2635000
2639000
2639000
2639000
2639000
2639000
2639000
2639000
2639000
2643000
2643000
2643000
2643000
2643000
2643000
2643000
2643000
2643200
2643200
2647200
2647200
2647200
2647200
2647200
2647200
2647200
2647200
2647200
2647200
2647200
2647200
2647400
2651400
2651400
2651400
2655400
2655600
2655600
2655600
2655600
2655600
2655600
2655600
2655600
2655800
2659800
2659800
2659800
2659800
2659800
2659800
2659800
2659800
2663800
2663800
2663800
2664000
2664000
2664000
2664000
2668000
2668000
2668000
2668000
2668000
2668000
2668000
2672000
2672000
2672000
2672000
2672000
2672000
2672000
2672200
2672200
2676200
2676200
2676200
2676200
2676200
2676200
2676200
2676200
2676200
2676200
2676200
2680200
2680200
2680200
2680200
2680200
2680400
2680400
2680400
2680600
2684600
2684800
2684800
2684800
2684800
2684800
2684800
2684800
2684800
2684800
2688800
2689000
2689000
2689200
2689200
2689200
2689200
2689200
2693400
2693400
2693400
2693400
2693400
2693400
2693400
2693400
2693400
2697400
2697400
2697400
2697400
2697400
2697600
2697600
2701600
2701600
2701600
2701600
2701600
2701600
2701600
2701600
2701600
2701600
2705600
2705600
2705600
2705600
2705600
2705600
2705600
2705600
2705800
2705800
2705800
2705800
2705800
2709800
2709800
2709800
2709800
2709800
2709800
2709800
2709800
2709800
2709800
2713800
2713800
2713800
2713800
2713800
2713800
2713800
2713800
2717800
2717800
2717800
2717800
2717800
2717800
2718000
2718000
2722000
2722000
2722000
2722000
2722000
2722000
2726000
2726000
2726000
2726000
2726000
2726000
2726000
2726000
2726000
2726000
2726000
2730000
2730000
2730000
2730000
2730000
2730000
2730000
2730000
2730000
2734000
2734000
2734000
2734000
2734200
2734200
2734200
2734200
2734200
2734200
2738200
2738200
2738200
2738200
2738200
2738200
2738200
2738200
2738200
2738200
2742200
2742400
2742400
2742400
2742400
2742400
2742400
2742400
2742400
2742400
2742600
2742600
2746600
2746600
2746600
2746600
2746800
2746800
2746800
2746800
2746800
2746800
2750800
2751000
2751000
2751000
2751200
2751200
2751200
2751200
2751200
2755200
2755200
2755200
2755200
2755200
2755200
2755200
2755200
2755200
2755200
2755200
2759200
2759200
2759200
2759200
2759200
2759200
2759200
2759200
2763200
2763200
2763200
2763200
2763200
2763400
2767400
2767400
2767400
2767400
2767400
2767400
2767400
2767400
2771400
2771400
2771400
2771400
2771400
2771400
2771400
2775400
2775400
2775400
2775400
2775400
2775400
2775400
2775400
2775400
2775400
2775400
2775400
2775400
2775400
2779400
2779400
2779400
2779400
2779400
2779400
2783400
2783400
2783400
2783400
2783400
2783400
2783400
2783400
2783400
2783400
2783400
2787400
2787400
2787400
2787400
2787600
2787600
2787600
2791600
2791600
2791600
2791600
2791600
2791600
2791800
2791800
2795800
2795800
2795800
2796000
2796000
2796000
2800000
2800000
2800000
2800000
2800000
2800000
2800000
2800000
2800000
2800000
2804000
2804000
2804000
2804000
2804000
2804000
2808200
2808200
2808200
2808200
2808200
2808200
2812200
2812200
2812200
2812200
2812200
2812200
2812200
2812400
2812400
2812400
2812400
2816400
2816400
2816400
2816400
2816400
2816400
2816600
2816600
2816600
2816800
2820800
2820800
2820800
2820800
2820800
2820800
2820800
2820800
2820800
2824800
2824800
2824800
2824800
2824800
2828800
2828800
2828800
2828800
2828800
2828800
2828800
2832800
2832800
2832800
2832800
2832800
2832800
2832800
2832800
2836800
2836800
2836800
2836800
2836800
2836800
2836800
2836800
2836800
2840800
2840800
2840800
2840800
2840800
2840800
2840800
2840800
2840800
2840800
2840800
2840800
2840800
2840800
2841000
2845000
2845000
2845000
2845000
2845000
2845000
2849000
2849000
2849000
2849000
2849000
2849200
2849200
2853200
2853200
2853200
2853200
2853200
2853200
2853200
2853200
2853200
2853200
2857200
2857200
2857200
2857200
2857200
2857200
2857200
2857200
2857400
2861400
2861600
2861600
2861600
2861600
2861600
2861800
2865800
2865800
2865800
2865800
2865800
2865800
2866000
2870000
2870000
2870000
2870000
2870000
2870000
2874000
2874000
2874000
2874000
2874000
2874000
2874000
2874000
2874000
2874000
2878000
2878000
2878000
2878000
2878000
2878200
2878200
2878200
2878200
2878400
2878400
2882400
2882400
2882400
2882400
2882400
2882400
2886400
2886600
2886600
2886600
2886600
2886600
2886600
2886600
2890800
2890800
2890800
2890800
2890800
2894800
2894800
2894800
2894800
2894800
2895000
2895000
2895000
2895000
2895000
2899000
2899000
2899000
2899000
2899000
2899000
2899000
2903000
2903000
2903000
2903000
2903000
2903000
2903000
2907000
2907000
2907000
2907000
2907000
2907000
2907000
2907000
2907000
2907000
2907000
2907000
2907000
2911000
2911000
2911000
2911000
2911000
2915000
2915000
2915000
2915000
2915000
2915000
2915000
2915000
2915000
2915000
2915200
2915200
2919200
2919200
2919200
2919200
2919200
2919200
2919200
2923200
2923200
2923200
2923200
2923200
2923200
2923200
2923200
2923200
2923200
2923400
2927400
2927600
2927600
2927600
2927600
2927600
2927600
2927600
2931600
2931600
2931600
2931600
2931600
2931600
2931600
2935600
2935600
2935600
2935600
2935600
2935600
2935600
2935600
2939600
2939600
2939600
2939600
2939600
2939600
2939600
2943600
2943600
2943600
2943600
2943800
2943800
2943800
2943800
2943800
2947800
2947800
2947800
2947800
2947800
2947800
2947800
2947800
2951800
2951800
2951800
2951800
2951800
2951800
2951800
2952000
2956000
2956000
2956000
2956000
2956000
2956000
2956000
2956000
2956000
2960000
2960000
2960000
2960000
2960000
2960000
2960000
2960000
2964000
2964000
2964000
2964000
2964000
2964000
2964000
2964200
2968200
2968200
2968400
2968400
2968600
2968600
2968600
2968600
2972600
2972800
2972800
2972800
2973000
2973000
2973000
2973200
2977200
2977200
2977200
2977200
2977200
2977400
2981400
2981400
2981400
2981400
2981400
2981400
2981600
2981600
2981600
2981600
2985600
2985800
2985800
2985800
2985800
2985800
2985800
2985800
2986000
2990000
2990000
2990000
2990000
2990000
2990000
2990000
2990000
2990000
2994000
2994200
2994200
2994200
2994200
2994200
2994200
2994200
2994200
2994200
2994200
2994200
2994200
2994200
2998200
2998200
2998200
2998200
2998200
2998200
2998200
2998200
2998200
3002200
3002200
3002200
3002200
3002200
3002200
3002200
3002200
3002400
3006400
3006400
3006400
3006400
3006400
3006400
3006400
3006400
3006400
3010400
3010400
3010400
3010400
3010400
3010400
3010400
3010400
3010400
3014400
3014400
3014400
3014400
3014400
3014400
3014400
3014400
3014400
3018400
3018400
3018400
3018400
3018400
3018400
3022400
3022600
3022600
3022600
3022600
3022600
3022600
3022800
3026800
3026800
3026800
3026800
3026800
3026800
3026800
3026800
3026800
3026800
3026800
3030800
3031000
3031000
3031000
3031000
3031000
3031000
3035000
3035000
3035000
3035000
3035000
3035000
3035000
3039000
3039000
3039000
3039000
3039000
3039000
3043000
3043000
3043000
3043000
3043000
3043000
3043000
3043000
3043000
3043200
3043200
3043200
3047200
3047400
3047400
3047400
3047400
3047600
3047600
3047600
3051600
3051600
3051600
3051600
3051600
3051600
3051600
3055600
3055600
3055600
3055600
3055600
3055600
3055600
3059600
3059600
3059600
3059600
3059600
3059600
3059600
3059600
3063600
3063600
3063600
3063600
3063600
3063600
3067600
3067600
3067600
3067600
3067600
3067600
3067600
3067600
3067600
3067600
3071600
3071800
3071800
3071800
3071800
3071800
3071800
3071800
3071800
3076000
3076000
3076000
3076000
3076000
3076000
3076200
3080200
3080200
3080200
3080200
3080200
3080200
3084200
3084200
3084200
3084200
3084200
3084200
3084200
3088200
3088200
3088200
3088200
3088200
3088200
3088200
3088200
3088200
3092200
3092200
3092200
3092200
3092200
3092200
3092200
3092200
3092400
3096400
3096600
3096600
3096600
3096600
3096600
3096600
3096600
3100600
3100600
3100600
3100600
3100600
3100600
3100600
3104600
3104600
3104600
3104600
3104600
3104600
3104600
3104600
3104600
3108600
3108600
3108600
3108600
3108600
3108800
3108800
3108800
3108800
3108800
3112800
3112800
3112800
3112800
3112800
3112800
3112800
3112800
3112800
3116800
3116800
3116800
3116800
3116800
3116800
3116800
3117000
3117000
3121000
3121000
3121000
3121000
3121000
3121000
3121000
3121000
3125000
3125000
3125000
3125000
3125000
3125000
3129000
3129000
3129000
3129000
3129000
3129000
3129000
3129000
3129000
3129000
3133000
3133000
3133000
3133000
3133000
3133000
3133200
3133200
3133200
3133200
3133200
3137200
3137200
3137200
3137200
3137200
3137200
3137200
3137200
3137200
3137200
3137200
3137200
3137200
3137200
3137200
3141200
3141200
3141200
3141200
3141200
3141400
3141400
3141400
3141400
3145400
3145400
3145400
3145400
3145400
3145600
3145600
3145600
3149600
3149600
3149600
3149600
3149600
3149600
3149600
3149600
3149600
3153600
3153600
3153600
3153600
3153600
3153600
3153600
3157600
